Name	Value
Status	ok
Ev (Illuminance - Photopic) / lx	1.004E+05
Es (Illuminance - Scotopic) / lx	1.576E+05
Es/Ev (S/P Ratio)	1.5694
Ee (Irradiance) / W/m²	324.6
PAR / μmol/(m²s)	1503
Bilirubin IEC 60601-2-50 / mW/cm²	11.2
Bilirubin AAP / μW/(cm²nm)	64.31
Ee,z (Melanopic Irradiance) / W/m²	75.97
Ez (Melanopic Equivalent Illuminance) / z-lx	6.323E+04
Emel, D65 (Melanopic Daylight Equivalent Illuminance) / lx	5.727E+04
x	0.4047
y	0.3834
u'	0.2384
v'	0.5081
Delta uv	0.00318
CCT / K	3449.0
Dominant Wavelength / nm	491.7
Purity	0.2950
Peak Wavelength / nm	599.8
Centre Wavelength / nm	588.5
Centroid Wavelength / nm	575.2
FWHM / nm	165.0
X	155.2
Y	147.1
Z	81.26
Rf (TM-30-15)	86
Rg (TM-30-15)	98
Date	9/16/2025
Time	9:50:02 AM
Serial Number	43919
Software Version	2018.2.1
Dll Version	2018.3
Firmware Version	1.40

CRI	Value
Ra	87.7904869904516
R1	86.8669366655711
R2	93.7175757773802
R3	96.7300803490379
R4	86.3047968347932
R5	87.3547930457214
R6	90.9712104216737
R7	87.719045867094
R8	72.6594569623417
R9	36.8467258221367
R10	85.4853382596376
R11	86.4741556385656
R12	74.5868497361733
R13	88.74826280435
R14	98.8145404196773
R15	82.7006804868519

Wavelength / nm	Spectral Irrradiance / W/(m²nm)
360	0.0132746403322798
361	0.0141284793576887
362	0.0167506544833256
363	0.0190262104730271
364	0.0187171493662399
365	0.0178805505912392
366	0.0148867588070147
367	0.00824786230992683
368	0.00179146794835839
369	0
370	0
371	0.00156377410188943
372	0.00798540409364005
373	0.0146973955862321
374	0.0135136597575689
375	0.0067430895553455
376	0.00147107009319648
377	0.00504594219709984
378	0.0100714865244628
379	0.0130719383470478
380	0.0133008219459052
381	0.0135930064953922
382	0.0149319287448365
383	0.0165948571593933
384	0.0182835395742029
385	0.0200358448671132
386	0.0218060736600404
387	0.0242911205099171
388	0.0271692303859272
389	0.0302342569048944
390	0.0341229950411656
391	0.0381090486573264
392	0.0432888467877089
393	0.0496635555543082
394	0.0557478764140151
395	0.0593848116585926
396	0.0624683069115839
397	0.0636227113403728
398	0.0613304422812678
399	0.0589757031889047
400	0.0567316419044958
401	0.0545305762404767
402	0.0518510187759771
403	0.0477380019960074
404	0.0435457217865467
405	0.0408511574350542
406	0.0391237385164736
407	0.0376440897386584
408	0.0374077942808785
409	0.0373428619566878
410	0.0369444478775394
411	0.0361805184739781
412	0.03544248746634
413	0.0349352870183352
414	0.0344823409053162
415	0.0359558674925513
416	0.040842097809851
417	0.045812026150666
418	0.0511046325039901
419	0.0565158197644961
420	0.0623087461207955
421	0.0691314190308811
422	0.0760968449568616
423	0.0871702744843374
424	0.100505937121902
425	0.114777542172741
426	0.132797694990631
427	0.151217042955625
428	0.17254959445935
429	0.196246330142514
430	0.221093756637231
431	0.252741040647934
432	0.285504428935293
433	0.321154017484079
434	0.360225381388982
435	0.400287663934267
436	0.448990286026859
437	0.499710263482857
438	0.556128857386962
439	0.62179633776746
440	0.688540160429407
441	0.767797995509702
442	0.850943329861318
443	0.936908890691711
444	1.02879576571438
445	1.12085486942863
446	1.21259449977155
447	1.30420870319054
448	1.38640918313652
449	1.44420317552567
450	1.49965307836434
451	1.52113483074536
452	1.52650688319128
453	1.5208344377406
454	1.48132101705523
455	1.43904125572762
456	1.37774749831027
457	1.30604225970675
458	1.23304061771653
459	1.15555480243133
460	1.07786581263397
461	1.01188785416991
462	0.952973093453728
463	0.897488938164817
464	0.854757122370813
465	0.813301857329459
466	0.77784255292526
467	0.746169403326836
468	0.715284794606807
469	0.68738924102492
470	0.659795668315946
471	0.633168589395045
472	0.60714723536878
473	0.582154502058027
474	0.560925341940708
475	0.540134037836443
476	0.524838587894962
477	0.512775294756569
478	0.502835689226972
479	0.499985601260432
480	0.497851487486657
481	0.501696171348249
482	0.508662723830707
483	0.51613432002245
484	0.525059708924357
485	0.534296099826541
486	0.549171019978117
487	0.566516061264728
488	0.583613555689293
489	0.6001303707632
490	0.616638588495385
491	0.633393325816191
492	0.650233471367959
493	0.668631218643632
494	0.689828973573623
495	0.710947550576697
496	0.730723802242448
497	0.750156608530462
498	0.770044114131691
499	0.790512076742309
500	0.811111636627259
501	0.832515344552376
502	0.854050167203439
503	0.872443157378236
504	0.888259522314755
505	0.904031799612391
506	0.919632866611417
507	0.935165628718032
508	0.948762128633322
509	0.961372129819577
510	0.97398394367881
511	0.986600041857333
512	0.998923145126098
513	1.00756144676536
514	1.01508985501709
515	1.02380947665896
516	1.03412057430481
517	1.04381617587357
518	1.04996607348465
519	1.05556396122871
520	1.0619241444979
521	1.0687924865706
522	1.07531113232786
523	1.0808441360692
524	1.08646378191141
525	1.0942109060366
526	1.10265931587711
527	1.11057722540491
528	1.1177860639025
529	1.12453616146406
530	1.12894656832738
531	1.1330587625251
532	1.13879558754647
533	1.14543331804919
534	1.1531414061639
535	1.16315233083092
536	1.1730369036872
537	1.18119882431842
538	1.18896561715399
539	1.1949723617909
540	1.19956914769959
541	1.20544540479318
542	1.21501777103138
543	1.22478438475426
544	1.23409141616022
545	1.24326501441996
546	1.25384703815767
547	1.26581134848515
548	1.27690513988079
549	1.28515495713953
550	1.29350377602623
551	1.30605313869936
552	1.31990380851129
553	1.33172992984507
554	1.34155892430734
555	1.35211047422701
556	1.36489441124456
557	1.37787877978235
558	1.39132837676678
559	1.40490398202273
560	1.41770354766947
561	1.42987504388435
562	1.44396276337839
563	1.46272489126568
564	1.48062348380088
565	1.49066644402274
566	1.49929534739529
567	1.51588686611745
568	1.53690226964304
569	1.55483731493355
570	1.56785418072604
571	1.58046013743123
572	1.59160897769532
573	1.60294450785422
574	1.61915353750074
575	1.63692636466815
576	1.65311482432209
577	1.66801133488827
578	1.68437959544302
579	1.70387246868751
580	1.72152976943093
581	1.72910221544839
582	1.73545054281152
583	1.74560946226985
584	1.75713978590851
585	1.76845329942059
586	1.77958488274915
587	1.78904491302777
588	1.7951639736045
589	1.80157564548401
590	1.80969508169381
591	1.81782197749353
592	1.82369956363006
593	1.82892191984511
594	1.83312761518787
595	1.8367261817336
596	1.83747913986784
597	1.83450100784076
598	1.8333306513961
599	1.83701149828083
600	1.83971864128883
601	1.83578179062044
602	1.83101719009913
603	1.82829633882638
604	1.82618991210313
605	1.82374553225515
606	1.82110853495455
607	1.81664700550728
608	1.81017479515781
609	1.80307016818867
610	1.7946829148158
611	1.7850425908633
612	1.77106760263554
613	1.75754765606012
614	1.74943866064872
615	1.7418235519273
616	1.72798744316398
617	1.71220620358456
618	1.69575933442036
619	1.67897511729537
620	1.66216632694483
621	1.64533724062383
622	1.6292802703834
623	1.61427523739755
624	1.60024496278007
625	1.5882504458662
626	1.57561365006904
627	1.56076033308177
628	1.54560472295253
629	1.52979160710021
630	1.51417405079157
631	1.50050295938189
632	1.48730406478178
633	1.47516663151392
634	1.46316776360586
635	1.44834610086315
636	1.43260064742464
637	1.42164583271372
638	1.41310294773187
639	1.40699264923333
640	1.40245972199932
641	1.39709396691784
642	1.39103145350766
643	1.38683209374879
644	1.38462318119125
645	1.38459302735059
646	1.38743749334761
647	1.3927319629716
648	1.40186286460006
649	1.41496917412072
650	1.43523627601843
651	1.45298151711424
652	1.4652262556013
653	1.47922049969383
654	1.49755719094821
655	1.51571664704265
656	1.53303697901896
657	1.5483191683488
658	1.55847336865621
659	1.56076722649231
660	1.54304445594407
661	1.52330561339784
662	1.50104216608384
663	1.47009340758788
664	1.4170209942134
665	1.35840565500698
666	1.28886708858073
667	1.21798447812941
668	1.14517139339998
669	1.07119456084483
670	0.994921313367217
671	0.921471829348351
672	0.853487731004493
673	0.788477515563637
674	0.728132832739763
675	0.675995984681019
676	0.635137791292582
677	0.597136059742832
678	0.562290901412268
679	0.530880350314115
680	0.5025405908268
681	0.475436492093422
682	0.449300478035832
683	0.427985201983468
684	0.409400155514824
685	0.394181774894225
686	0.380444342525268
687	0.368188293992935
688	0.356412707120493
689	0.344931335384806
690	0.333009422245523
691	0.318496051964403
692	0.304984411940063
693	0.296224072076928
694	0.286943111963446
695	0.275501447672413
696	0.266001318654715
697	0.259612287942291
698	0.253103051080625
699	0.246468574527428
700	0.240932048832451
701	0.235873063638751
702	0.228300580563778
703	0.219980898943684
704	0.212729000213771
705	0.205181357820025
706	0.195493925087061
707	0.188389202553529
708	0.187906950972213
709	0.185586156659536
710	0.180474252668117
711	0.171921068631186
712	0.161631711003663
713	0.160889568974682
714	0.162384789512883
715	0.156111438800181
716	0.148873415128321
717	0.143055821567322
718	0.142092090777867
719	0.148615310780487
720	0.146925245956485
721	0.139369832709183
722	0.13448533291731
723	0.130385555843492
724	0.125521349936516
725	0.123079658549458
726	0.126862188482845
727	0.125981504072632
728	0.119846228150012
729	0.114376863129143
730	0.109733855152697
731	0.108653360734839
732	0.107654890671286
733	0.10510797106749
734	0.102871315300743
735	0.100960638630646
736	0.0970236474684117
737	0.092654181299485
738	0.0904481989078564
739	0.0872769706193441
740	0.0814773386613214
741	0.0799936093250022
742	0.0809318460294622
743	0.0740553705336907
744	0.0674779831703112
745	0.0684293730681692
746	0.067090494759996
747	0.0628560872279555
748	0.0627797257201378
749	0.0640748107441559
750	0.0647851857781108
751	0.0607062584233921
752	0.0506713479623711
753	0.0509426158145956
754	0.0549932758834544
755	0.0567847245064268
756	0.0555754739972512
757	0.0509484813104662
758	0.0530598416620902
759	0.0550987197321824
760	0.0462524642700683
761	0.0395844927691464
762	0.0372147975466827
763	0.0418384694808489
764	0.0440274844583535
765	0.0324345709178439
766	0.0308137806196104
767	0.0375141546951714
768	0.0426767924949412
769	0.0426754449257127
770	0.033698808565114
771	0.0310940545805118
772	0.0311437873644634
773	0.0295386710764907
774	0.0297688956726487
775	0.0319550460798621
776	0.0339844826469383
777	0.0278632298241714
778	0.00709007774620322
779	0.013968333062692
780	0.024956002715121
781	0.00819004146958765
782	0
783	0
784	0
785	0.00913633904130679
786	0.0288058226149839
787	0.0378554191640748
788	0.0419832429371521
789	0.0410729370858817
790	0.021134833457809
791	0.00104642116034473
792	0.000390286041052643
793	0.0163546536265393
794	0.0304659840639225
795	0.00970891976091045
796	0.0137672996708835
797	0.0287650982141402
798	0.0101212527899591
799	0
800	0
801	0
802	0
803	0
804	0
805	0
806	0
807	0
808	0
809	0.00430195910332379
810	0.0346300740230176
811	0.034208874218531
812	0.00768851059158781
813	0.0275829588631785
814	0.0258698877809849
815	0.00275844121874074
816	0
817	0
818	0.00591717152143488
819	0.0361628385322145
820	0.0487191109536955
821	0.0487279993110832
822	0.0496737836208911
823	0.0563052305909689
824	0.0633890848569853
825	0.0626943586472688
826	0.0303127316992421
827	0.0149879396989497
828	0.0506566153596096
829	0.0251821924170476
830	0.0156292120053246

